dados = [
	2 1 -0.832294;
	4 1 -2.614574;
	6 1 5.761022;
	8 1 -1.164000;
	10 1 -8.390715;
	12 1 10.1262;
	14 1 1.914321;
	16 1 -15.325516;
];

base = [
	"1";
	"x";
	"x^2";
];

