dados = [
	0 0 1;
	0 1 0;
	0 2 1;
	0 3 4;
	0 4 6;
	0 5 4;
	1 0 2;
	1 1 1;
	1 2 2;
	1 3 5;
	1 4 6;
	1 5 7;
	2 0 1;
	2 1 4;
	2 2 5;
	2 3 4;
	2 4 5;
	2 5 8;
	3 0 2;
	3 1 5;
	3 2 6;
	3 3 7;
	3 4 6;
	3 5 9;
	4 0 5;
	4 1 4;
	4 2 5;
	4 3 6;
	4 4 7;
	4 5 10;
	5 0 4;
	5 1 5;
	5 2 8;
	5 3 10;
	5 4 10;
	5 5 9
];

base = [
	"1";
	"x";
	"y";
	"x*y";
	"x^2";
	"y^2"
];

